10 10 10 10 10 10 10 10 10 10 10 10 10 10 10 10 10 10 10 10 10 10 10 10 10 10 10 10 10 10 10 10 10 10 10 10 10 10 10 9.99999 9.99994 9.99967 9.9981 9.98891 9.93533 9.6231 7.80329 -2.80336 -4.62343 -4.93724 -5 -5 -5 -5 -5 -5 -5 -5 -5 -5 -5 -5 -5 -5 -5 -5 -5 -5 -5 -5 -5 -5 -5 -5 -5 -5 -5 -5 -5 -5 -5 -5 -5 -5 -5 -5 -5 -5 -5 -5 -5 -5 -5 -5 -5 -5 -5 -5 -5 -5 -5 
9.99993 9.99986 9.99975 9.9996 9.99938 9.99906 9.99859 9.9979 9.9969 9.99546 9.99341 9.99051 9.98643 9.98075 9.97292 9.96221 9.94769 9.92817 9.90215 9.8678 9.82283 9.76448 9.68944 9.59379 9.47296 9.29894 9.31253 9.2895 9.22944 9.13122 8.99309 8.81274 8.5874 8.31398 7.98919 7.60974 7.17249 6.67467 6.11404 5.48908 4.79917 4.0447 3.22722 2.34949 1.41553 0.430593 -0.598903 -1.66546 -2.76066 -3.87539 -5 -5 -5 -5 -5 -5 -5 -5 -5 -5 -5 -5 -5 -5 -5 -5 -5 -5 -5 -5 -5 -5 -5 -5 -5 -5 -5 -5 -5 -5 -5 -5 -5 -5 -5 -5 -5 -5 -5 -5 -5 -5 -5 -5 -5 -5 -5 -5 -5 -5 -5 
9.991 9.98155 9.97117 9.95938 9.94562 9.92932 9.9098 9.8863 9.85797 9.82384 9.78282 9.73364 9.67492 9.60507 9.52234 9.42478 9.31027 9.17646 9.02081 8.84062 8.63296 8.39478 8.12286 7.81387 7.4644 7.04138 7.05915 7.02956 6.95265 6.82851 6.65731 6.43931 6.17485 5.86441 5.5086 5.1082 4.66418 4.17772 3.65025 3.08343 2.47922 1.83982 1.16776 0.465793 -0.263014 -1.01536 -1.78771 -2.57632 -3.37728 -4.18655 -5 -5 -5 -5 -5 -5 -5 -5 -5 -5 -5 -5 -5 -5 -5 -5 -5 -5 -5 -5 -5 -5 -5 -5 -5 -5 -5 -5 -5 -5 -5 -5 -5 -5 -5 -5 -5 -5 -5 -5 -5 -5 -5 -5 -5 -5 -5 -5 -5 -5 -5 
9.95123 9.90136 9.84929 9.79391 9.73406 9.66856 9.59617 9.51561 9.42554 9.32456 9.21118 9.08387 8.94102 8.78094 8.6019 8.40207 8.17961 7.93261 7.65913 7.3572 7.02488 6.66021 6.26127 5.82621 5.35325 4.81498 4.83042 4.80477 4.73811 4.63069 4.48293 4.29536 4.0687 3.80382 3.50172 3.16358 2.79073 2.38464 1.94692 1.47936 0.983872 0.462495 -0.082588 -0.649076 -1.23456 -1.83652 -2.45235 -3.07939 -3.71487 -4.35602 -5 -5 -5 -5 -5 -5 -5 -5 -5 -5 -5 -5 -5 -5 -5 -5 -5 -5 -5 -5 -5 -5 -5 -5 -5 -5 -5 -5 -5 -5 -5 -5 -5 -5 -5 -5 -5 -5 -5 -5 -5 -5 -5 -5 -5 -5 -5 -5 -5 -5 -5 
9.88782 9.77426 9.65794 9.53747 9.41145 9.27849 9.13716 8.98606 8.82375 8.64878 8.45971 8.25508 8.03344 7.79332 7.53329 7.2519 6.94774 6.61941 6.26558 5.88494 5.47623 5.03827 4.56998 4.07033 3.53843 2.95241 2.96507 2.94405 2.88945 2.80149 2.68053 2.52708 2.34178 2.12539 1.87882 1.60309 1.29936 0.968895 0.613087 0.233429 -0.16848 -0.590945 -1.03218 -1.49032 -1.96341 -2.44945 -2.94637 -3.45206 -3.96435 -4.48107 -5 -5 -5 -5 -5 -5 -5 -5 -5 -5 -5 -5 -5 -5 -5 -5 -5 -5 -5 -5 -5 -5 -5 -5 -5 -5 -5 -5 -5 -5 -5 -5 -5 -5 -5 -5 -5 -5 -5 -5 -5 -5 -5 -5 -5 -5 -5 -5 -5 -5 -5 
9.8179 9.63442 9.44817 9.25778 9.06188 8.8591 8.64808 8.42748 8.19597 7.95224 7.69499 7.42297 7.13493 6.82967 6.50603 6.16287 5.79912 5.41377 5.00585 4.57446 4.11879 3.63809 3.1317 2.59905 2.03969 1.43615 1.44642 1.42937 1.38509 1.31376 1.21568 1.09127 0.941047 0.76565 0.565819 0.342399 0.0963347 -0.171334 -0.459475 -0.766869 -1.09221 -1.43413 -1.79118 -2.16184 -2.54453 -2.93765 -3.33952 -3.74843 -4.16266 -4.58044 -5 -5 -5 -5 -5 -5 -5 -5 -5 -5 -5 -5 -5 -5 -5 -5 -5 -5 -5 -5 -5 -5 -5 -5 -5 -5 -5 -5 -5 -5 -5 -5 -5 -5 -5 -5 -5 -5 -5 -5 -5 -5 -5 -5 -5 -5 -5 -5 -5 -5 -5 
9.75173 9.5022 9.25018 8.99441 8.73366 8.46673 8.1924 7.90949 7.61684 7.31333 6.99784 6.66932 6.32674 5.96912 5.59551 5.20503 4.79685 4.3702 3.92436 3.45869 2.97262 2.46566 1.93738 1.38746 0.815635 0.207919 0.216228 0.202431 0.166587 0.108848 0.029458 -0.0712465 -0.192839 -0.334804 -0.496541 -0.677365 -0.876509 -1.09313 -1.32631 -1.57506 -1.83833 -2.115 -2.4039 -2.7038 -3.01344 -3.3315 -3.65663 -3.98746 -4.32258 -4.66057 -5 -5 -5 -5 -5 -5 -5 -5 -5 -5 -5 -5 -5 -5 -5 -5 -5 -5 -5 -5 -5 -5 -5 -5 -5 -5 -5 -5 -5 -5 -5 -5 -5 -5 -5 -5 -5 -5 -5 -5 -5 -5 -5 -5 -5 -5 -5 -5 -5 -5 -5 
9.69345 9.38582 9.07604 8.76305 8.44577 8.12319 7.79426 7.45798 7.11339 6.75953 6.39547 6.02035 5.63332 5.23357 4.82036 4.39297 3.95076 3.49312 3.01951 2.52945 2.02252 1.49839 0.956752 0.397409 -0.179784 -0.786088 -0.779364 -0.790529 -0.819533 -0.866255 -0.930497 -1.01199 -1.11038 -1.22525 -1.35612 -1.50244 -1.66358 -1.83886 -2.02754 -2.22882 -2.44184 -2.6657 -2.89946 -3.14212 -3.39265 -3.65 -3.91307 -4.18075 -4.45189 -4.72536 -5 -5 -5 -5 -5 -5 -5 -5 -5 -5 -5 -5 -5 -5 -5 -5 -5 -5 -5 -5 -5 -5 -5 -5 -5 -5 -5 -5 -5 -5 -5 -5 -5 -5 -5 -5 -5 -5 -5 -5 -5 -5 -5 -5 -5 -5 -5 -5 -5 -5 -5 
9.644 9.28709 8.92838 8.56698 8.20199 7.83256 7.45782 7.07694 6.68912 6.29357 5.88953 5.47628 5.05313 4.61944 4.17459 3.71802 3.24921 2.76768 2.27302 1.76486 1.24288 0.706816 0.156478 -0.408283 -0.987548 -1.5904 -1.58496 -1.59399 -1.61746 -1.65527 -1.70725 -1.77318 -1.85279 -1.94574 -2.05164 -2.17003 -2.30041 -2.44224 -2.5949 -2.75776 -2.93012 -3.11126 -3.3004 -3.49674 -3.69946 -3.90768 -4.12054 -4.33712 -4.55651 -4.77779 -5 -5 -5 -5 -5 -5 -5 -5 -5 -5 -5 -5 -5 -5 -5 -5 -5 -5 -5 -5 -5 -5 -5 -5 -5 -5 -5 -5 -5 -5 -5 -5 -5 -5 -5 -5 -5 -5 -5 -5 -5 -5 -5 -5 -5 -5 -5 -5 -5 -5 -5 
9.60287 9.205 8.80563 8.40404 7.99949 7.59128 7.17868 6.76103 6.33765 5.90791 5.47118 5.02688 4.57445 4.11335 3.64311 3.16325 2.67338 2.1731 1.6621 1.14007 0.606785 0.0620335 -0.49433 -1.06241 -1.64225 -2.24119 -2.23679 -2.2441 -2.26309 -2.29368 -2.33574 -2.38909 -2.4535 -2.52871 -2.6144 -2.71019 -2.81569 -2.93044 -3.05397 -3.18574 -3.32521 -3.47177 -3.62481 -3.78367 -3.94769 -4.11618 -4.2884 -4.46365 -4.64116 -4.8202 -5 -5 -5 -5 -5 -5 -5 -5 -5 -5 -5 -5 -5 -5 -5 -5 -5 -5 -5 -5 -5 -5 -5 -5 -5 -5 -5 -5 -5 -5 -5 -5 -5 -5 -5 -5 -5 -5 -5 -5 -5 -5 -5 -5 -5 -5 -5 -5 -5 -5 -5 
9.56906 9.1375 8.70473 8.27013 7.83311 7.39309 6.94949 6.50174 6.04932 5.59169 5.12835 4.65883 4.18266 3.69943 3.20873 2.7102 2.2035 1.68834 1.16444 0.631584 0.0895693 -0.461754 -1.0225 -1.59275 -2.17253 -2.76777 -2.76421 -2.77012 -2.78549 -2.81024 -2.84427 -2.88744 -2.93956 -3.00041 -3.06974 -3.14725 -3.23261 -3.32546 -3.42541 -3.53203 -3.64488 -3.76346 -3.88729 -4.01583 -4.14855 -4.28487 -4.42423 -4.56602 -4.70966 -4.85452 -5 -5 -5 -5 -5 -5 -5 -5 -5 -5 -5 -5 -5 -5 -5 -5 -5 -5 -5 -5 -5 -5 -5 -5 -5 -5 -5 -5 -5 -5 -5 -5 -5 -5 -5 -5 -5 -5 -5 -5 -5 -5 -5 -5 -5 -5 -5 -5 -5 -5 -5 
9.54144 9.08237 8.62232 8.16077 7.69726 7.2313 6.76242 6.29017 5.81411 5.33381 4.84887 4.35889 3.86351 3.36237 2.85517 2.34161 1.82141 1.29433 0.760161 0.218719 -0.33015 -0.886567 -1.45062 -2.02238 -2.60185 -3.19384 -3.19096 -3.19574 -3.20818 -3.2282 -3.25574 -3.29067 -3.33284 -3.38208 -3.43817 -3.50089 -3.56995 -3.64508 -3.72596 -3.81223 -3.90353 -3.99948 -4.09968 -4.20368 -4.31107 -4.42137 -4.53413 -4.64886 -4.76507 -4.88229 -5 -5 -5 -5 -5 -5 -5 -5 -5 -5 -5 -5 -5 -5 -5 -5 -5 -5 -5 -5 -5 -5 -5 -5 -5 -5 -5 -5 -5 -5 -5 -5 -5 -5 -5 -5 -5 -5 -5 -5 -5 -5 -5 -5 -5 -5 -5 -5 -5 -5 -5 
9.51896 9.03752 8.55527 8.07181 7.58675 7.0997 6.61028 6.11813 5.62288 5.12418 4.62172 4.11516 3.60422 3.08862 2.56809 2.0424 1.51132 0.974667 0.432266 -0.116032 -0.670348 -1.23078 -1.7974 -2.37025 -2.94935 -3.53859 -3.53625 -3.54013 -3.55018 -3.56639 -3.58867 -3.61693 -3.65105 -3.69089 -3.73628 -3.78702 -3.84291 -3.9037 -3.96913 -4.03894 -4.11282 -4.19045 -4.27152 -4.35568 -4.44256 -4.53181 -4.62305 -4.71588 -4.80991 -4.90476 -5 -5 -5 -5 -5 -5 -5 -5 -5 -5 -5 -5 -5 -5 -5 -5 -5 -5 -5 -5 -5 -5 -5 -5 -5 -5 -5 -5 -5 -5 -5 -5 -5 -5 -5 -5 -5 -5 -5 -5 -5 -5 -5 -5 -5 -5 -5 -5 -5 -5 -5 
9.50072 9.0011 8.50084 7.99959 7.49705 6.99289 6.48681 5.97851 5.4677 4.9541 4.43743 3.91746 3.39393 2.86662 2.33531 1.79982 1.25997 0.715606 0.16658 -0.387222 -0.945897 -1.50953 -2.07816 -2.65185 -3.23059 -3.81753 -3.81564 -3.81877 -3.82691 -3.84002 -3.85805 -3.88092 -3.90853 -3.94076 -3.97749 -4.01855 -4.06377 -4.11295 -4.1659 -4.22238 -4.28215 -4.34497 -4.41057 -4.47866 -4.54896 -4.62118 -4.695 -4.77011 -4.8462 -4.92293 -5 -5 -5 -5 -5 -5 -5 -5 -5 -5 -5 -5 -5 -5 -5 -5 -5 -5 -5 -5 -5 -5 -5 -5 -5 -5 -5 -5 -5 -5 -5 -5 -5 -5 -5 -5 -5 -5 -5 -5 -5 -5 -5 -5 -5 -5 -5 -5 -5 -5 -5 
9.48592 8.97158 8.45671 7.94105 7.42433 6.9063 6.38672 5.86534 5.34192 4.81624 4.28809 3.75725 3.22353 2.68675 2.14673 1.60333 1.05639 0.505791 -0.048576 -0.60681 -1.16899 -1.73518 -2.30542 -2.87975 -3.45817 -4.04323 -4.0417 -4.04424 -4.05082 -4.06143 -4.07602 -4.09452 -4.11686 -4.14294 -4.17266 -4.20588 -4.24247 -4.28226 -4.3251 -4.3708 -4.41917 -4.47 -4.52307 -4.57817 -4.63505 -4.69348 -4.75321 -4.81399 -4.87555 -4.93764 -5 -5 -5 -5 -5 -5 -5 -5 -5 -5 -5 -5 -5 -5 -5 -5 -5 -5 -5 -5 -5 -5 -5 -5 -5 -5 -5 -5 -5 -5 -5 -5 -5 -5 -5 -5 -5 -5 -5 -5 -5 -5 -5 -5 -5 -5 -5 -5 -5 -5 -5 
9.47394 8.94767 8.42097 7.89362 7.36542 6.83616 6.30565 5.77367 5.24005 4.7046 4.16714 3.6275 3.08554 2.54109 1.99403 1.44422 0.891556 0.335928 -0.222753 -0.784563 -1.34957 -1.91782 -2.48935 -3.06418 -3.64233 -4.22585 -4.22461 -4.22666 -4.23199 -4.24058 -4.25238 -4.26735 -4.28543 -4.30653 -4.33057 -4.35745 -4.38706 -4.41926 -4.45392 -4.4909 -4.53003 -4.57116 -4.61411 -4.65869 -4.70471 -4.75199 -4.80032 -4.84949 -4.89931 -4.94955 -5 -5 -5 -5 -5 -5 -5 -5 -5 -5 -5 -5 -5 -5 -5 -5 -5 -5 -5 -5 -5 -5 -5 -5 -5 -5 -5 -5 -5 -5 -5 -5 -5 -5 -5 -5 -5 -5 -5 -5 -5 -5 -5 -5 -5 -5 -5 -5 -5 -5 -5 
9.46424 8.9283 8.39202 7.85522 7.31773 6.77938 6.24001 5.69946 5.15757 4.61421 4.06922 3.52247 2.97383 2.42318 1.87042 1.31544 0.758137 0.19844 -0.363726 -0.928426 -1.49571 -2.06562 -2.63819 -3.21343 -3.79135 -4.37361 -4.37261 -4.37427 -4.37858 -4.38553 -4.39508 -4.40719 -4.42182 -4.43889 -4.45835 -4.4801 -4.50405 -4.53011 -4.55815 -4.58807 -4.61974 -4.65301 -4.68776 -4.72383 -4.76107 -4.79933 -4.83843 -4.87822 -4.91853 -4.95918 -5 -5 -5 -5 -5 -5 -5 -5 -5 -5 -5 -5 -5 -5 -5 -5 -5 -5 -5 -5 -5 -5 -5 -5 -5 -5 -5 -5 -5 -5 -5 -5 -5 -5 -5 -5 -5 -5 -5 -5 -5 -5 -5 -5 -5 -5 -5 -5 -5 -5 -5 
9.45639 8.91263 8.36859 7.82414 7.27912 6.73341 6.18687 5.63938 5.09081 4.54104 3.98996 3.43745 2.88341 2.32775 1.77038 1.2112 0.650159 0.0871726 -0.477813 -1.04485 -1.61397 -2.18523 -2.75863 -3.33419 -3.91192 -4.49317 -4.49236 -4.49371 -4.49719 -4.50281 -4.51054 -4.52034 -4.53218 -4.54599 -4.56173 -4.57933 -4.59871 -4.6198 -4.64249 -4.6667 -4.69232 -4.71924 -4.74736 -4.77655 -4.80668 -4.83763 -4.86927 -4.90147 -4.93408 -4.96697 -5 -5 -5 -5 -5 -5 -5 -5 -5 -5 -5 -5 -5 -5 -5 -5 -5 -5 -5 -5 -5 -5 -5 -5 -5 -5 -5 -5 -5 -5 -5 -5 -5 -5 -5 -5 -5 -5 -5 -5 -5 -5 -5 -5 -5 -5 -5 -5 -5 -5 -5 
9.45003 8.89995 8.34963 7.79898 7.24787 6.69621 6.14387 5.59076 5.03678 4.48183 3.92582 3.36865 2.81024 2.25052 1.68942 1.12686 0.562779 -0.00286815 -0.570133 -1.13906 -1.70967 -2.28201 -2.85608 -3.43191 -4.00949 -4.58991 -4.58926 -4.59034 -4.59317 -4.59771 -4.60396 -4.6119 -4.62147 -4.63265 -4.64539 -4.65963 -4.67531 -4.69237 -4.71073 -4.73032 -4.75105 -4.77283 -4.79558 -4.8192 -4.84358 -4.86862 -4.89422 -4.92027 -4.94666 -4.97327 -5 -5 -5 -5 -5 -5 -5 -5 -5 -5 -5 -5 -5 -5 -5 -5 -5 -5 -5 -5 -5 -5 -5 -5 -5 -5 -5 -5 -5 -5 -5 -5 -5 -5 -5 -5 -5 -5 -5 -5 -5 -5 -5 -5 -5 -5 -5 -5 -5 -5 -5 
9.44489 8.88968 8.33429 7.77862 7.22259 6.6661 6.10907 5.55142 4.99306 4.43392 3.87391 3.31297 2.75103 2.18803 1.6239 1.0586 0.492072 -0.075728 -0.644837 -1.21529 -1.78711 -2.36032 -2.93494 -3.51097 -4.08843 -4.66819 -4.66766 -4.66854 -4.67082 -4.6745 -4.67956 -4.68597 -4.69372 -4.70277 -4.71307 -4.72459 -4.73728 -4.75108 -4.76594 -4.78179 -4.79856 -4.81619 -4.8346 -4.85371 -4.87343 -4.8937 -4.91441 -4.93549 -4.95684 -4.97837 -5 -5 -5 -5 -5 -5 -5 -5 -5 -5 -5 -5 -5 -5 -5 -5 -5 -5 -5 -5 -5 -5 -5 -5 -5 -5 -5 -5 -5 -5 -5 -5 -5 -5 -5 -5 -5 -5 -5 -5 -5 -5 -5 -5 -5 -5 -5 -5 -5 -5 -5 
9.44072 8.88137 8.32187 7.76215 7.20213 6.64174 6.08092 5.51959 4.95768 4.39514 3.83191 3.26792 2.70312 2.13746 1.57089 1.00337 0.434858 -0.134683 -0.705284 -1.27697 -1.84976 -2.42369 -2.99874 -3.57495 -4.1523 -4.73152 -4.73109 -4.7318 -4.73365 -4.73663 -4.74072 -4.74591 -4.75218 -4.7595 -4.76784 -4.77716 -4.78743 -4.7986 -4.81062 -4.82344 -4.83701 -4.85128 -4.86617 -4.88163 -4.89759 -4.91399 -4.93075 -4.9478 -4.96508 -4.9825 -5 -5 -5 -5 -5 -5 -5 -5 -5 -5 -5 -5 -5 -5 -5 -5 -5 -5 -5 -5 -5 -5 -5 -5 -5 -5 -5 -5 -5 -5 -5 -5 -5 -5 -5 -5 -5 -5 -5 -5 -5 -5 -5 -5 -5 -5 -5 -5 -5 -5 -5 
